 1737876089.96232820    -0.010127173407754878    -0.015502141795829344     0.003769831819868136
 1737876090.96295738    -0.015365289332581038    -0.017951055107500623     0.005670823627679361
 1737876091.96235251    -0.013238354007408573    -0.022602766865374872     0.009975872627936554
 1737876092.96247625    -0.016237316995374042    -0.024304796526103734     0.009784781478730974
 1737876093.96240020    -0.012911304705260271    -0.024079536611538031     0.009396161382726941
 1737876094.96241379    -0.016465744554403292    -0.026722492292720810     0.012677697992211622
 1737876095.96250343    -0.013406447252822251    -0.030360249300922536     0.013844333506949139
 1737876096.96245003    -0.012846829530071479    -0.028758859852051486     0.013438683564954894
 1737876097.96241117    -0.015030793188992102    -0.028700850555095705     0.012913510923044809
 1737876098.96244979     0.047141230383593268    -0.034812958021121540     0.018521046778511727
 1737876099.96231985     0.174589713228968768    -0.042435269781827427     0.025071877574714713
 1737876100.96240950     0.348600025479055220    -0.026271204411206988     0.033114860218974487
 1737876101.96243310     0.602999980641063860     0.030259829705767221     0.030962724796862059
 1737876102.96236873     0.910848808093338236     0.109058691754746334     0.045597112757992525
 1737876103.96254349     1.236580251785581952     0.188802175359697094     0.054972943652182971
 1737876104.96284056     1.574949085069705657     0.277306241551716348     0.072118495458075443
 1737876105.96252513     1.916688864830055516     0.363192589925624920     0.086426727619941343
 1737876106.96240258     2.267715356542471472     0.462914139377192169     0.100409650819660523
 1737876107.96233511     2.617198665430390481     0.554714309411940110     0.110378283802266414
 1737876108.96235585     2.994712859564661933     0.655191229132955022     0.123395441832921532
 1737876109.96235967     3.357404057712827683     0.734540056547978049     0.135973324617450930
 1737876110.96231008     3.740009439342856012     0.776677957846696465     0.142610215897904846
 1737876111.96249080     4.116505882000986993     0.779902550215813228     0.152424597821368385
 1737876112.96238899     4.502133981933210904     0.777065255534752697     0.158013135586877879
 1737876113.96278453     4.892474162766900392     0.797419276708940861     0.173026136567023148
 1737876114.96283007     5.283962941577208028     0.813188061698376874     0.182750053735043716
 1737876115.96237659     5.679986125438733602     0.831636824106295691     0.191441843091661484
 1737876116.96289825     6.073869187039994344     0.857425764879698904     0.201808438386607697
 1737876117.96238542     6.479559086400833223     0.884795873071274941     0.212397935143305405
 1737876118.96292377     6.867738189736171783     0.906216943825123522     0.220017550736289785
 1737876119.96233082     7.268447617272128625     0.932647699874891378     0.228379519366983752
 1737876120.96235657     7.681765881136442431     0.962501723575451829     0.239867468085200652
 1737876121.96273470     8.074691220298408467     0.983233420539596059     0.251595965955207612
 1737876122.96275377     8.433422178550904036     1.006420247966884229     0.261939978766056514
 1737876123.96243167     8.809292090074119841     1.034598258991243913     0.275655871204942726
 1737876124.96236634     9.188149595687381321     1.046549197040149481     0.284315333152102445
 1737876125.96238232     9.555155353528705930     1.065254808099980188     0.287063277746208656
 1737876126.96277976     9.899954511987299810     1.067055888260326268     0.305482196706058418
 1737876127.96270561    10.237722852174929500     1.073039262809798666     0.321899349015155323
 1737876128.96246791    10.588373228146911842     1.068720212551573567     0.327376526752599539
 1737876129.96272326    10.947802286186803400     1.068559650747578305     0.334718873147092866
 1737876130.96267486    11.302079603120489537     1.059328629944294775     0.344102046944436635
 1737876131.96282411    11.660461662963760077     1.062394954331771446     0.346043954209087012
 1737876132.96240997    12.012027405603150854     1.056229413789876226     0.350113180111426836
 1737876133.96274900    12.370022371950309292     1.051760461745023134     0.368001487052230958
 1737876134.96265864    12.725844930657574494     1.051938503610098330     0.380059747639102941
 1737876135.96270537    13.084580206631173382     1.051056225892398555     0.386567448332842623
 1737876136.96235728    13.435726977839536289     1.043000848369165512     0.398560724289303170
 1737876137.96269083    13.792518884167124682     1.040483231779443241     0.411281902540017286
 1737876138.96273375    14.152397569138660316     1.037585430362157224     0.418481959451242502
 1737876139.96233392    14.496764768014198665     1.041866548108401291     0.427816906562356214
 1737876140.96257997    14.839412902326573729     1.041872676891928862     0.436954663114230146
 1737876141.96260691    15.190684255598476682     1.034361729278680642     0.451829487785141315
 1737876142.96263456    15.536615397191612331     1.032263602226537014     0.455026822681972920
 1737876143.96268320    15.878594913991150861     1.034650918946205644     0.467632029296244534
 1737876144.96234322    16.232414653163200313     1.036201758291339203     0.475948519713140838
 1737876145.96266317    16.575863434915451222     1.027385259730177802     0.487382590842536711
 1737876146.96268797    16.928334894231806373     1.033138598924591145     0.495089383294962160
 1737876147.96257615    17.283719135513006648     1.032716734042371076     0.515593493870742048
 1737876148.96252966    17.646547157692001662     1.033216459831477918     0.529327648850136945
 1737876149.96261096    18.005091903039154744     1.032288814180194692     0.531531120058107098
 1737876150.96252179    18.365685307101376367     1.030708329249521604     0.542762550778681296
 1737876151.96250606    18.726730223082295623     1.030733684322099775     0.550791916943380477
 1737876152.96258569    19.099005461102017023     1.034107484925691045     0.558053501437083543
 1737876153.96253467    19.467019966146768439     1.032400235222535212     0.566311635995669249
 1737876154.96369529    19.827053981523231840     1.037580477819704194     0.569127830178066119
 1737876155.96261096    20.194671340831447992     1.038097384571457615     0.576657392599425611
 1737876156.96248674    20.556738403539245752     1.039387878893262895     0.585245375887261554
 1737876157.96249628    20.923742816610815254     1.041254500436524566     0.593060360641027517
 1737876158.96260595    21.295057944364103264     1.043059586513414905     0.596099000443527038
 1737876159.96251059    21.661327818563997027     1.052092478881549331     0.608826845074555423
 1737876160.96256852    22.028533623546540099     1.053678300207818497     0.615015225986268788
 1737876161.96246767    22.397707080317211137     1.058479150536837388     0.623281536291442118
 1737876162.96259284    22.767302850142325354     1.057292256088854243     0.629502914755569298
 1737876163.96245718    23.151749775576885071     1.067540736528437506     0.639386510483441972
 1737876164.96247292    23.539891210831846990     1.067913435743073070     0.647328406655905964
 1737876165.96255350    23.887914578345132099     1.072712856290595207     0.654297446865505616
 1737876166.96243930    24.243524170095341219     1.076865219494898662     0.663718330918399491
 1737876167.96364379    24.618918084651170375     1.073536536216118442     0.667540366646098948
 1737876168.96355772    24.978455634827870568     1.022073594789575379     0.672189159501353495
 1737876169.96248555    25.327694221566382282     0.921886723126730701     0.683220540999235681
 1737876170.96354413    25.661991719327826189     0.778715269176285529     0.688982136443409887
 1737876171.96230197    25.973141877185380366     0.596180334661125633     0.694306792769166625
 1737876172.96252275    26.269342252385094127     0.384668073710148994     0.699401086995482091
 1737876173.96249700    26.522548865245816785     0.132956606011062850     0.705903435279741642
 1737876174.96245003    26.738852471326381988    -0.150101248887154787     0.710310383111221855
 1737876175.96250653    26.917026348509832445    -0.447044842959229694     0.713731651813319878
 1737876176.96233749    27.041740425435747852    -0.774672024285521954     0.713779460029352775
 1737876177.96251178    27.125676405970850169    -1.106597981334608960     0.722403653614197450
 1737876178.96245527    27.164898885001587558    -1.451828808875744059     0.722669463635734255
 1737876179.96345520    27.160249594121186334    -1.796408152876105113     0.724503285690479060
 1737876180.96232629    27.170012292087861283    -2.138882212144356476     0.717604958040153007
 1737876181.96235490    27.168795111371228046    -2.474357206258251729     0.718380565186020559
 1737876182.96218801    27.167115895477063958    -2.811323620115705690     0.721363520091143018
 1737876183.96245027    27.160179050769453823    -3.155207540126906185     0.716417082930833837
 1737876184.96233916    27.148974607595729225    -3.493914133111785336     0.717695805538295928
 1737876185.96342921    27.139054192000266141    -3.836762997075561898     0.713858783711770140
 1737876186.96244812    27.124161186664036194    -4.183662178474163440     0.712936420216726097
 1737876187.96212745    27.122582759759620075    -4.529008710457469888     0.721342384959837268
 1737876188.96243811    27.109172317008209063    -4.873246741247949210     0.716419626185598624
 1737876189.96245480    27.102389292258198594    -5.221265743524716285     0.719940626713897358
 1737876190.96340489    27.089489322867969179    -5.572910881282682638     0.715923773321813228
 1737876191.96234155    27.077112546440055496    -5.920809320796654340     0.715243481371732548
 1737876192.96238661    27.074993882779249788    -6.267818917529792699     0.719119420612705507
 1737876193.96343446    27.069660907488870549    -6.622091677873612525     0.718384708226398438
 1737876194.96249938    27.062565129985468815    -6.980172693291303965     0.716490361087733230
 1737876195.96237254    27.051714210596625065    -7.335457441981056981     0.716870219404577291
 1737876196.96235919    27.044956696272958396    -7.688837070089141967     0.716991312762292776
 1737876197.96336913    27.039403035982552126    -8.049181316382066242     0.719430170767561883
 1737876198.96238589    27.030578765396800378    -8.403854682655101271     0.716837470617905925
 1737876199.96339011    27.030748262187572095    -8.758558419073231960     0.715598425081391931
 1737876200.96241236    27.022929661094956089    -9.109870058901915257     0.713739423995722988
 1737876201.96350670    27.020468245842561572    -9.465528859352325242     0.711126095989657925
 1737876202.96334791    27.007332050140796298    -9.787209506384192181     0.726209373131890268
 1737876203.96333909    27.011313378665420259   -10.172246399355888258     0.708532366407518932
 1737876204.96334815    27.012043051122905268   -10.525836764618565766     0.710178485472176435
 1737876205.96341181    27.006082603135833864   -10.849451068467264037     0.706440854290110831
 1737876206.96325636    27.002564105093885161   -11.194384984456055676     0.702606082338627869
 1737876207.96344042    26.998625391054527967   -11.514128355374985802     0.709027176468507436
 1737876208.96232343    26.960486679560467849   -11.847873140050646512     0.721128375789399811
 1737876209.96341562    26.815575814448607161   -12.150753659052691447     0.715031145618627795
 1737876210.96334720    26.566492460730099623   -12.383037321362447614     0.712112855525401378
 1737876211.96337962    26.248079091369405091   -12.497249123771190682     0.704548278064260236
 1737876212.96323252    25.936001176072032592   -12.512686984926110867     0.704663813239348458
 1737876213.96334195    25.608371960816970869   -12.508287460446604555     0.694639962343505113
 1737876214.96328115    25.275889438082462135   -12.501940672077845207     0.688673889472186551
 1737876215.96326494    24.942294773932236041   -12.494989813836429704     0.681734403899045716
 1737876216.96319652    24.597553604630796542   -12.494494081054771328     0.682194635350510836
 1737876217.96325636    24.172398750999658290   -12.500881111099916509     0.670777109855563936
 1737876218.96336365    23.696043020638335008   -12.512352581232461191     0.663040747548422460
 1737876219.96321535    23.214940126095331863   -12.518761911077231019     0.652462518732353280
 1737876220.96323323    22.734406708936880648   -12.529129073394074112     0.646894349608620689
 1737876221.96325850    22.248562359986753023   -12.540981360545520928     0.634908022791308424
 1737876222.96327543    21.763353161492648979   -12.544023298055572369     0.626088533381409351
 1737876223.96313286    21.287074284174561711   -12.546625551765515638     0.621116242840688559
 1737876224.96320534    20.803051604789960294   -12.544471786437878080     0.615266182337243395
 1737876225.96324754    20.323891032072651797   -12.546400068659048443     0.608705438826700140
 1737876226.96322179    19.838080226401427097   -12.553360312062173065     0.598033651308423786
 1737876227.96316934    19.353338953460919925   -12.556557047315486386     0.595528157028426208
 1737876228.96318150    18.866729878115911845   -12.558030524843246667     0.578578386398542199
 1737876229.96333003    18.387741148651230105   -12.560568875637150299     0.567621577427092072
 1737876230.96318769    17.903250866805546337   -12.563209996004433222     0.562164958418676641
 1737876231.96329474    17.419092707773639717   -12.568446037455434094     0.544854266766246043
 1737876232.96312547    16.937513662063246045   -12.569005011968714669     0.535587386652513375
 1737876233.96297431    16.461720946230268936   -12.571780363775166833     0.530102570399574979
 1737876234.96318293    15.975574463064845077   -12.575031942548877240     0.511668388044971723
 1737876235.96312213    15.494018746073820125   -12.585209751296297043     0.502002841287925050
 1737876236.96312690    15.003254239014429672   -12.590340390164989515     0.483018872446240255
 1737876237.96327996    14.530153841434160000   -12.589263994852299078     0.470339360028914300
 1737876238.96319318    14.038121771259801207   -12.592246968017411390     0.457108409198150101
 1737876239.96320629    13.560695303397789502   -12.599053489530291472     0.440964333045025692
 1737876240.96305490    13.085636334910965672   -12.611228322697305870     0.428988313604266425
 1737876241.96306777    12.605618604674489802   -12.611752071527071450     0.421807626492073484
 1737876242.96325493    12.114384294407614107   -12.613692680818584080     0.406953129357572607
 1737876243.96299338    11.635839707259311382   -12.620547118338349080     0.389720065280048766
 1737876244.96318936    11.154477427401557676   -12.624973807079280519     0.384527950898045090
 1737876245.96318221    10.663457233845239358   -12.630916969510938230     0.372940076537355947
 1737876246.96298623    10.178426798343783943   -12.644485247867654820     0.355586100170762587
 1737876247.96308851     9.703713123142614805   -12.642169688824688834     0.337059336042252633
 1737876248.96307850     9.223126479282360179   -12.635814647450308357     0.346507222815415517
 1737876249.96308136     8.737707561007766799   -12.631136750334563956     0.315577450151028172
 1737876250.96297765     8.247621503119159314   -12.616152751886927419     0.306577971760935986
 1737876251.96311021     7.758442613406338673   -12.607746845196478702     0.282589639767278300
 1737876252.96308994     7.275173599570829985   -12.594359795924894740     0.256190416326725900
 1737876253.96193600     6.803032632265343160   -12.584000992219355197     0.245642398603233170
 1737876254.96305370     6.318163765603574511   -12.581462467466623778     0.235225443289565517
 1737876255.96308923     5.825920858937961633   -12.562923634263254868     0.222827285623184185
 1737876256.96296453     5.343663935189819192   -12.549003495142827092     0.203857614404238024
 1737876257.96306610     4.854631968613200677   -12.529166466994972495     0.195017867684318835
 1737876258.96301198     4.380162902108066802   -12.503381881195453573     0.185908766915190149
 1737876259.96291637     3.897376279663126830   -12.475882639684758857     0.168212108059222321
 1737876260.96299481     3.404685625448607311   -12.459277306525008200     0.156933690940964266
 1737876261.96302176     2.923024988454101081   -12.452408122212938579     0.149894513432231369
 1737876262.96303988     2.448272549544033172   -12.453120809223383603     0.133557899557139592
 1737876263.96297503     1.965730254266493171   -12.455148748888792198     0.120956086835349100
 1737876264.96303415     1.479999248691633573   -12.467353290929015230     0.100691806849266915
 1737876265.96303988     0.999592713619876116   -12.479170332053639569     0.092930223282110869
 1737876266.96286941     0.513752225409189411   -12.487046151476095091     0.079508602439455622
 1737876267.96294498     0.037037301623754390   -12.487050097257855086     0.070844466134881004
 1737876268.96288013    -0.450290757244174500   -12.479879506939560940     0.052732789223837562
 1737876269.96293592    -0.930384363268725201   -12.475904621460413679     0.037269211133040027
 1737876270.96282339    -1.424786101440260078   -12.478387822934585927     0.023620100126413045
 1737876271.96288085    -1.905186571050342836   -12.484184767861702170     0.017505135491389757
 1737876272.96280789    -2.375763698896430132   -12.498313811557750341    -0.004711599308916728
 1737876273.96274519    -2.861934018878368846   -12.506910178175463244    -0.015371266947111988
 1737876274.96294355    -3.346856576675890871   -12.519440963811952372    -0.025840156347534532
 1737876275.96297240    -3.825644727620239216   -12.521247408404512669    -0.041571408520888600
 1737876276.96283054    -4.304508868681004685   -12.507294738202569206    -0.048130075781961809
 1737876277.96304226    -4.785615138207195862   -12.489982768795542256    -0.057241598495842122
 1737876278.96281648    -5.275458588201867194   -12.470366933458235437    -0.067793385296102751
 1737876279.96283555    -5.764333542745560202   -12.454515251549370447    -0.085923687532884194
 1737876280.96294236    -6.248395631659003691   -12.435188300307117970    -0.104173230833667016
 1737876281.96292067    -6.730459784462784256   -12.421297513398332768    -0.119591786192042679
 1737876282.96279550    -7.212211625540675186   -12.399973853059810480    -0.140212502612390377
 1737876283.96281481    -7.699570165987276837   -12.388814107338749437    -0.151899851069644515
 1737876284.96278071    -8.202188505442912003   -12.370166909397475763    -0.181861309911019203
 1737876285.96282983    -8.670987999771085697   -12.254822392534668651    -0.203861756128674299
 1737876286.96273947    -9.094199860420058457   -12.007847950488905298    -0.223382394359573827
 1737876287.96287203    -9.451698892020843346   -11.691706628502549492    -0.229194611410613508
 1737876288.96283054    -9.733685056413722947   -11.290623582542142600    -0.238987332503293431
 1737876289.96279263    -9.904777817893078762   -10.838055070064376295    -0.243334237552404464
 1737876290.96271825    -9.980474305280210956   -10.364302274294004746    -0.241613574735265596
 1737876291.96272373    -9.954592696193209633    -9.871172469071566979    -0.241430329402485766
 1737876292.96269655    -9.897854881939649019    -9.391287617477731331    -0.242114975322889364
 1737876293.96268249    -9.846165561951949030    -8.900918658113580406    -0.233339995030146824
 1737876294.96265864    -9.816643879162947783    -8.416937171890355174    -0.240713624099733015
 1737876295.96264195    -9.795663637470108043    -7.945431770553849304    -0.237543185646981792
 1737876296.96264815    -9.788336438172393628    -7.476808541974873101    -0.237747906649952517
 1737876297.96265602    -9.784991406905792388    -6.997020720621793366    -0.231131115388094083
 1737876298.96281147    -9.784147258363470101    -6.507003050195988791    -0.228911213495142873
 1737876299.96273327    -9.782441053306774492    -6.023619792090562086    -0.234759649193730796
 1737876300.96265292    -9.789504441732368889    -5.540807167563740698    -0.229868845248528714
 1737876301.96269965    -9.784568477158739341    -5.063910274033125880    -0.232977471481016440
 1737876302.96261358    -9.786988904759908792    -4.582999575621264476    -0.228957863659570965
 1737876303.96275282    -9.782085376250858388    -4.094176827793122087    -0.231431206331928957
 1737876304.96262670    -9.775276194248041506    -3.615065344537161440    -0.235619443658206390
 1737876305.96253896    -9.764344682121615548    -3.135330694198387391    -0.240959239103487433
 1737876306.96269584    -9.758247283401107808    -2.648130552098018509    -0.239674016250196242
 1737876307.96257925    -9.744475562221248666    -2.148929634531473454    -0.250664389444251179
 1737876308.96260858    -9.708255638947454358    -1.674368813210564522    -0.255180890451454090
 1737876309.96254992    -9.619975712160993453    -1.194150009494914011    -0.251549197036135985
 1737876310.96254778    -9.479627224523071050    -0.735294259969244690    -0.252323751915480454
 1737876311.96262670    -9.270683519525290350    -0.304562825447957652    -0.249575768229881423
 1737876312.96253610    -8.989379042177217727     0.085674209556695968    -0.242174351640391167
 1737876313.96268892    -8.636616067413919851     0.423642128335312895    -0.222412537059726106
 1737876314.96255708    -8.226755849915253549     0.684397629046139100    -0.202306219711576613
 1737876315.96265006    -7.767184696339418437     0.869633594846868196    -0.189194179643492499
 1737876316.96263337    -7.291177973901088016     0.958620265733056698    -0.188844703552536519
 1737876317.96257710    -6.814220020194629690     0.977026172083158118    -0.173010971856982915
 1737876318.96252227    -6.337012195220260935     0.951004438279969277    -0.159003812831264940
 1737876319.96246290    -5.860344514378996728     0.914566679505504521    -0.150637842546083728
 1737876320.96261883    -5.374250848187052121     0.876737758999078354    -0.138330323571223018
 1737876321.96245646    -4.900656161111579756     0.834953922585162989    -0.121417968732235718
 1737876322.96254802    -4.417496812040841547     0.796146334611165019    -0.103156580107286303
 1737876323.96248960    -3.934688304997851382     0.750023739739439366    -0.087807958583954709
 1737876324.96260858    -3.451852002725772195     0.707631464812974564    -0.074470753457923339
 1737876325.96248794    -2.969992445351030685     0.658682056035062913    -0.043666432440768205
 1737876326.96264267    -2.482166454078472029     0.582302641249144215    -0.031462748001345887
 1737876327.96248651    -2.014734794504054793     0.446310304651016287    -0.016853382781779953
 1737876328.96260071    -1.558050757648394624     0.285146370115605952    -0.005405738466845943
 1737876329.96244049    -1.157624693631988944     0.103982998368765872     0.010240459573055543
 1737876330.96254039    -0.873746661504711031    -0.026856523545216008     0.016244765298863154
 1737876331.96261859    -0.720540366300633339    -0.051848013490266860     0.025676276173025567
 1737876332.96252799    -0.547920671999187037    -0.069948003368525816     0.043415189137457191
 1737876333.96243143    -0.422595536509474845    -0.073630580482100555     0.039394771028223405
 1737876334.96247292    -0.316847762575633352    -0.084375552835434964     0.038267425474135426
 1737876335.96243024    -0.195106647349199386    -0.092654552401460394     0.043689019507444540
 1737876336.96238208    -0.101838743819899477    -0.084679862754479959     0.043450036641150575
 1737876337.96240234    -0.038540213240325881    -0.080755084722861192     0.051203481833534521
 1737876338.96248913     0.017099739407103080    -0.084084589371794943     0.043224682915878825
 1737876339.96248841     0.014819359608296171    -0.085906709237846615     0.048023031270295731
 1737876340.96240854     0.021653698088130228    -0.087429694409945163     0.040978188995198617
 1737876341.96253681     0.015110956755907831    -0.080916381462840956     0.032711316078727515
 1737876342.96250629     0.017034583356947283    -0.084266458895950733     0.037469020042292973
 1737876343.96250367     0.020289760986094609    -0.085563999854453981     0.047026276338442453
 1737876344.96246433     0.021980417823636775    -0.087560238663806272     0.048630332950944828
 1737876345.96245241     0.017630590186167409    -0.086953384157952049     0.049224345541294505
 1737876346.96248603     0.011727336999625231    -0.084645502630861430     0.051063524655354041
 1737876347.96239853     0.025227463644533047    -0.086466908990847316     0.045968124217975692
 1737876348.96241784     0.019613287786094138    -0.086735830628280747     0.049876077337164218
 1737876349.96246457     0.015075489463158937    -0.087930680262561303     0.053924917006084074
 1737876350.96253967     0.023324074429555666    -0.084621128254899605     0.045457978265676525
 1737876351.96245480     0.015438244720043938    -0.085094660252597293     0.052393842340058928
 1737876352.96245933     0.016177319716503477    -0.085347169270273346     0.048804506280944543
 1737876353.96237302     0.017760222964363536    -0.083398405906600859     0.050907619196553837
 1737876354.96230865     0.018682283097254136    -0.084447711019335500     0.047960393375451847
 1737876355.96235967     0.025293181156464978    -0.086907281441529038     0.049414351889103481
 1737876356.96241641     0.017314032910115799    -0.085487507484058159     0.052469176719131788
 1737876357.96241283     0.016143288647229054    -0.088721350635017127     0.050673856289644957
